10.09.2013;11:40;1.618;1.593;1.703;1.371;0.725
10.09.2013;11:50;1.618;1.593;1.703;1.371;0.725
10.09.2013;11:50;1.618;1.593;1.703;1.371;0.725
10.09.2013;11:50;1.618;1.593;1.703;1.371;0.725
10.09.2013;11:50;1.618;1.593;1.703;1.371;0.725
10.09.2013;11:50;1.618;1.593;1.703;1.371;0.725
10.09.2013;12:00;1.618;1.593;1.703;1.350;0.725
10.09.2013;12:10;1.621;1.590;1.697;1.371;0.725
10.09.2013;12:20;1.621;1.590;1.697;1.371;0.725
10.09.2013;12:30;1.621;1.590;1.697;1.371;0.725
10.09.2013;13:40;1.604;1.589;1.685;1.445;0.725
10.09.2013;13:50;1.600;1.580;1.685;1.441;0.725
10.09.2013;14:00;1.600;1.580;1.685;1.441;0.725
10.09.2013;14:10;1.584;1.580;1.685;1.441;0.725
10.09.2013;14:20;1.584;1.582;1.685;1.429;0.725
10.09.2013;14:31;1.569;1.571;1.669;1.403;0.716
10.09.2013;14:40;1.569;1.571;1.669;1.391;0.716
10.09.2013;15:10;1.549;1.571;1.669;1.366;0.716
10.09.2013;15:20;1.549;1.571;1.669;1.366;0.716
10.09.2013;16:40;1.603;1.539;1.646;1.381;0.716
10.09.2013;16:51;1.605;1.538;1.647;1.387;0.716
11.09.2013;08:10;1.663;1.610;1.691;1.480;0.726
11.09.2013;08:20;1.663;1.610;1.691;1.480;0.726
11.09.2013;08:40;1.665;1.605;1.694;1.481;0.728
11.09.2013;08:50;1.665;1.605;1.694;1.481;0.728
11.09.2013;09:00;1.652;1.588;1.681;1.465;0.728
11.09.2013;09:10;1.652;1.588;1.681;1.456;0.728
11.09.2013;09:20;1.652;1.593;1.683;1.456;0.728
11.09.2013;09:30;1.652;1.593;1.683;1.456;0.728
11.09.2013;09:50;1.613;1.588;1.677;1.455;0.728
11.09.2013;09:50;1.613;1.588;1.677;1.455;0.728
11.09.2013;09:50;1.613;1.588;1.677;1.455;0.728
11.09.2013;10:00;1.613;1.588;1.677;1.455;0.730
11.09.2013;10:40;1.580;1.588;1.677;1.452;0.730
11.09.2013;11:20;1.575;1.579;1.674;1.403;0.730
11.09.2013;11:30;1.575;1.572;1.674;1.406;0.730
11.09.2013;11:40;1.575;1.572;1.674;1.406;0.730
11.09.2013;12:10;1.564;1.563;1.674;1.391;0.723
11.09.2013;12:30;1.587;1.563;1.674;1.383;0.723
11.09.2013;12:30;1.587;1.563;1.674;1.383;0.723
11.09.2013;12:30;1.587;1.563;1.674;1.383;0.723
11.09.2013;12:40;1.587;1.563;1.674;1.392;0.723
11.09.2013;14:10;1.609;1.567;1.656;1.397;0.723
11.09.2013;14:20;1.609;1.567;1.656;1.382;0.723
11.09.2013;15:20;1.601;1.569;1.656;1.396;0.698
11.09.2013;17:40;1.571;1.556;1.643;1.394;0.698
11.09.2013;18:40;1.567;1.543;1.643;1.363;0.698
12.09.2013;08:10;1.640;1.601;1.687;1.465;0.698
12.09.2013;09:20;1.616;1.581;1.666;1.462;0.702
12.09.2013;09:30;1.616;1.581;1.666;1.462;0.702
12.09.2013;09:40;1.616;1.581;1.666;1.446;0.702
12.09.2013;09:50;1.615;1.579;1.665;1.434;0.705
12.09.2013;09:50;1.615;1.579;1.665;1.434;0.705
12.09.2013;10:00;1.608;1.579;1.665;1.423;0.705
12.09.2013;10:30;1.604;1.579;1.656;1.423;0.705
12.09.2013;11:00;1.591;1.580;1.656;1.422;0.705
12.09.2013;11:10;1.591;1.580;1.656;1.392;0.705
12.09.2013;11:20;1.585;1.580;1.656;1.392;0.705
12.09.2013;11:50;1.585;1.579;1.636;1.411;0.705
12.09.2013;12:20;1.580;1.575;1.625;1.414;0.704
12.09.2013;15:20;1.584;1.547;1.625;1.397;0.708
12.09.2013;15:31;1.584;1.542;1.625;1.405;0.708
12.09.2013;16:00;1.584;1.541;1.615;1.396;0.708
12.09.2013;16:10;1.582;1.538;1.615;1.400;0.708
12.09.2013;16:21;1.582;1.538;1.615;1.387;0.708
12.09.2013;16:30;1.557;1.538;1.615;1.387;0.708
12.09.2013;16:40;1.557;1.536;1.615;1.387;0.708
13.09.2013;08:42;1.541;1.560;1.670;1.397;0.746
13.09.2013;10:20;1.568;1.562;1.650;1.356;0.746
13.09.2013;12:21;1.561;1.571;1.650;1.376;0.746
13.09.2013;12:41;1.557;1.570;1.650;1.376;0.746
13.09.2013;12:51;1.557;1.570;1.650;1.364;0.746
16.09.2013;11:30;1.529;1.541;1.650;1.381;0.739
16.09.2013;11:40;1.529;1.541;1.650;1.367;0.739
16.09.2013;13:00;1.543;1.546;1.625;1.445;0.743
16.09.2013;13:11;1.543;1.546;1.625;1.445;0.743
16.09.2013;13:11;1.543;1.546;1.625;1.445;0.743
16.09.2013;14:40;1.549;1.538;1.625;1.386;0.743
16.09.2013;14:40;1.549;1.538;1.625;1.386;0.743
16.09.2013;14:40;1.549;1.538;1.625;1.386;0.743
16.09.2013;14:40;1.549;1.538;1.625;1.386;0.743
16.09.2013;14:40;1.549;1.538;1.625;1.386;0.743
16.09.2013;14:40;1.549;1.538;1.625;1.386;0.743
16.09.2013;14:40;1.549;1.538;1.625;1.386;0.743
16.09.2013;14:40;1.549;1.538;1.625;1.386;0.743
16.09.2013;15:01;1.534;1.538;1.625;1.370;0.743
16.09.2013;15:30;1.549;1.542;1.625;1.380;0.743
16.09.2013;17:25;1.533;1.526;1.617;1.394;0.743
17.09.2013;08:10;1.606;1.595;1.676;1.425;0.738
17.09.2013;10:40;1.592;1.544;1.661;1.425;0.738
17.09.2013;11:00;1.581;1.526;1.638;1.433;0.738
17.09.2013;11:20;1.573;1.529;1.638;1.434;0.738
17.09.2013;11:20;1.573;1.529;1.638;1.434;0.738
17.09.2013;11:50;1.572;1.529;1.639;1.416;0.735
17.09.2013;12:41;1.550;1.533;1.636;1.397;0.735
17.09.2013;18:50;1.517;1.505;1.604;1.367;0.733
17.09.2013;19:00;1.546;1.500;1.604;1.361;0.733
18.09.2013;09:20;1.563;1.562;1.627;1.435;0.733
18.09.2013;10:00;1.558;1.553;1.637;1.400;0.726
18.09.2013;13:00;1.568;1.522;1.607;1.383;0.723
18.09.2013;14:00;1.604;1.531;1.603;1.392;0.723
18.09.2013;14:30;1.612;1.531;1.603;1.369;0.723
18.09.2013;14:50;1.612;1.531;1.603;1.339;0.723
18.09.2013;16:41;1.530;1.536;1.593;1.387;0.727
18.09.2013;16:50;1.515;1.521;1.589;1.386;0.727
19.09.2013;10:20;1.580;1.527;1.642;1.419;0.730
19.09.2013;17:40;1.554;1.530;1.610;1.400;0.733
19.09.2013;21:30;1.537;1.521;1.599;1.399;0.737
20.09.2013;12:10;1.580;1.543;1.629;1.404;0.735
20.09.2013;17:00;1.535;1.504;1.580;1.392;0.735
20.09.2013;18:00;1.525;1.502;1.572;1.388;0.735
20.09.2013;18:40;1.542;1.502;1.572;1.386;0.733
20.09.2013;21:40;1.537;1.497;1.567;1.365;0.733
21.09.2013;00:40;1.531;1.495;1.568;1.373;0.748
21.09.2013;17:40;1.518;1.489;1.559;1.371;0.741
22.09.2013;17:20;1.558;1.513;1.603;1.410;0.722
23.09.2013;07:30;1.587;1.556;1.645;1.455;0.692
23.09.2013;11:10;1.544;1.535;1.608;1.420;0.694
23.09.2013;11:20;1.543;1.535;1.608;1.420;0.694
23.09.2013;19:20;1.530;1.475;1.599;1.375;0.691
23.09.2013;19:30;1.530;1.475;1.595;1.375;0.691
23.09.2013;19:40;1.526;1.475;1.595;1.375;0.691
24.09.2013;08:10;1.603;1.565;1.647;1.454;0.701
24.09.2013;09:10;1.587;1.551;1.629;1.412;0.701
24.09.2013;14:10;1.529;1.503;1.595;1.396;0.713
24.09.2013;15:30;1.529;1.501;1.601;1.397;0.713
25.09.2013;14:20;1.521;1.516;1.591;1.368;0.735
26.09.2013;00:20;1.511;1.480;1.562;1.377;0.732
26.09.2013;04:00;1.566;1.543;1.620;1.416;0.732
26.09.2013;04:10;1.566;1.543;1.620;1.416;0.732
26.09.2013;16:40;1.514;1.488;1.579;1.353;0.726
27.09.2013;13:40;1.504;1.482;1.566;1.387;0.710
27.09.2013;13:50;1.504;1.482;1.566;1.387;0.710
27.09.2013;15:10;1.514;1.480;1.566;1.392;0.710
27.09.2013;15:20;1.514;1.494;1.566;1.392;0.710
27.09.2013;15:30;1.514;1.494;1.566;1.392;0.710
27.09.2013;16:20;1.509;1.493;1.566;1.377;0.710
28.09.2013;12:40;1.539;1.533;1.590;1.393;0.706
30.09.2013;10:20;1.547;1.542;1.630;1.381;0.724
30.09.2013;10:30;1.547;1.542;1.630;1.381;0.724
30.09.2013;11:00;1.547;1.542;1.630;1.381;0.724
30.09.2013;11:30;1.517;1.542;1.630;1.377;0.724
30.09.2013;11:40;1.493;1.542;1.630;1.377;0.724
30.09.2013;11:50;1.495;1.537;1.630;1.377;0.724
30.09.2013;12:50;1.493;1.533;1.614;1.357;0.736
30.09.2013;13:40;1.542;1.468;1.576;1.372;0.736
01.10.2013;11:00;1.556;1.545;1.626;1.389;0.746
01.10.2013;12:10;1.532;1.514;1.614;1.351;0.746
01.10.2013;12:20;1.516;1.514;1.614;1.351;0.746
01.10.2013;12:30;1.516;1.514;1.614;1.351;0.746
01.10.2013;12:50;1.504;1.514;1.614;1.351;0.746
01.10.2013;15:20;1.532;1.499;1.578;1.368;0.746
01.10.2013;16:30;1.535;1.488;1.581;1.364;0.741
02.10.2013;22:00;1.537;1.512;1.572;1.395;0.720
03.10.2013;11:10;1.526;1.523;1.630;1.367;0.722
04.10.2013;10:20;1.550;1.535;1.620;1.434;0.745
04.10.2013;13:00;1.521;1.496;1.587;1.407;0.745
04.10.2013;15:10;1.506;1.519;1.574;1.380;0.745
04.10.2013;17:50;1.522;1.506;1.562;1.400;0.745
05.10.2013;19:50;1.504;1.459;1.548;1.355;0.722
06.10.2013;15:50;1.514;1.507;1.585;1.411;0.736
06.10.2013;16:10;1.514;1.507;1.585;1.411;0.736
07.10.2013;11:20;1.535;1.491;1.631;1.374;0.736
07.10.2013;11:50;1.535;1.491;1.631;1.356;0.736
07.10.2013;12:00;1.545;1.491;1.631;1.356;0.736
07.10.2013;12:20;1.552;1.491;1.631;1.356;0.736
07.10.2013;12:40;1.548;1.491;1.631;1.356;0.736
07.10.2013;13:30;1.548;1.479;1.589;1.358;0.736
07.10.2013;13:40;1.551;1.479;1.589;1.358;0.736
07.10.2013;13:50;1.538;1.479;1.584;1.347;0.736
07.10.2013;14:00;1.538;1.479;1.584;1.344;0.736
07.10.2013;14:10;1.538;1.479;1.584;1.344;0.736
07.10.2013;14:20;1.525;1.479;1.584;1.361;0.736
07.10.2013;14:30;1.525;1.479;1.584;1.361;0.736
07.10.2013;14:30;1.525;1.479;1.584;1.361;0.736
07.10.2013;14:40;1.525;1.479;1.584;1.361;0.736
07.10.2013;14:50;1.525;1.479;1.572;1.354;0.736
07.10.2013;15:40;1.514;1.480;1.572;1.346;0.736
07.10.2013;15:50;1.514;1.480;1.572;1.346;0.736
07.10.2013;16:00;1.514;1.480;1.572;1.344;0.736
07.10.2013;16:30;1.514;1.480;1.572;1.344;0.736
07.10.2013;16:50;1.514;1.484;1.572;1.344;0.736
07.10.2013;17:20;1.481;1.475;1.557;1.366;0.736
07.10.2013;21:30;1.504;1.456;1.546;1.346;0.740
08.10.2013;10:40;1.555;1.508;1.611;1.415;0.745
08.10.2013;13:40;1.513;1.495;1.588;1.392;0.751
08.10.2013;17:30;1.507;1.465;1.556;1.369;0.740
09.10.2013;01:20;1.548;1.504;1.591;1.417;0.738
09.10.2013;09:20;1.561;1.507;1.625;1.388;0.735
09.10.2013;10:40;1.551;1.507;1.612;1.390;0.735
09.10.2013;15:40;1.479;1.481;1.540;1.381;0.735
10.10.2013;08:10;1.594;1.565;1.645;1.475;0.722
10.10.2013;08:40;1.594;1.565;1.645;1.481;0.722
10.10.2013;09:20;1.560;1.530;1.610;1.433;0.716
10.10.2013;09:30;1.560;1.530;1.610;1.433;0.716
10.10.2013;09:40;1.556;1.530;1.610;1.423;0.716
10.10.2013;09:50;1.556;1.530;1.610;1.408;0.716
10.10.2013;10:00;1.556;1.530;1.610;1.408;0.716
10.10.2013;11:10;1.530;1.522;1.592;1.368;0.716
10.10.2013;16:50;1.531;1.484;1.575;1.347;0.704
10.10.2013;20:20;1.505;1.462;1.559;1.356;0.710
10.10.2013;20:30;1.505;1.453;1.559;1.345;0.710
10.10.2013;20:40;1.505;1.453;1.559;1.345;0.710
11.10.2013;08:20;1.593;1.576;1.655;1.470;0.713
11.10.2013;08:30;1.593;1.576;1.655;1.470;0.713
11.10.2013;16:00;1.502;1.493;1.571;1.376;0.711
12.10.2013;12:20;1.536;1.525;1.623;1.396;0.706
12.10.2013;15:50;1.508;1.457;1.548;1.364;0.709
13.10.2013;08:00;1.604;1.575;1.655;1.475;0.706
13.10.2013;19:00;1.514;1.500;1.592;1.392;0.704
14.10.2013;18:40;1.496;1.463;1.567;1.354;0.702
14.10.2013;18:50;1.496;1.463;1.567;1.359;0.702
15.10.2013;12:30;1.514;1.526;1.591;1.377;0.699
15.10.2013;12:40;1.514;1.525;1.591;1.377;0.699
15.10.2013;15:00;1.524;1.513;1.569;1.395;0.699
15.10.2013;15:10;1.524;1.513;1.569;1.389;0.699
15.10.2013;15:20;1.524;1.518;1.563;1.387;0.699
15.10.2013;15:30;1.524;1.518;1.563;1.387;0.699
16.10.2013;16:40;1.504;1.475;1.578;1.375;0.724
16.10.2013;17:00;1.508;1.473;1.567;1.369;0.724
16.10.2013;17:10;1.508;1.473;1.567;1.373;0.724
16.10.2013;23:10;1.508;1.453;1.539;1.352;0.726
16.10.2013;23:30;1.508;1.453;1.539;1.352;0.726
17.10.2013;01:20;1.566;1.519;1.606;1.432;0.726
17.10.2013;08:40;1.604;1.578;1.657;1.418;0.726
17.10.2013;09:10;1.561;1.548;1.634;1.389;0.726
17.10.2013;10:10;1.559;1.548;1.627;1.387;0.726
17.10.2013;10:20;1.559;1.548;1.627;1.359;0.726
17.10.2013;10:30;1.559;1.548;1.627;1.359;0.726
17.10.2013;10:40;1.560;1.540;1.621;1.350;0.726
17.10.2013;11:40;1.556;1.527;1.621;1.350;0.726
17.10.2013;12:40;1.543;1.527;1.621;1.344;0.708
17.10.2013;14:10;1.527;1.502;1.591;1.380;0.708
17.10.2013;14:40;1.517;1.493;1.573;1.375;0.708
17.10.2013;16:40;1.507;1.471;1.573;1.348;0.708
17.10.2013;22:00;1.509;1.470;1.537;1.355;0.723
18.10.2013;00:20;1.504;1.470;1.537;1.355;0.723
18.10.2013;08:40;1.615;1.575;1.655;1.442;0.723
18.10.2013;09:20;1.596;1.556;1.636;1.432;0.723
18.10.2013;09:50;1.583;1.549;1.636;1.425;0.723
18.10.2013;11:00;1.558;1.549;1.636;1.402;0.723
19.10.2013;13:10;1.506;1.490;1.567;1.372;0.727
20.10.2013;12:40;1.487;1.509;1.547;1.390;0.747
21.10.2013;14:50;1.505;1.523;1.600;1.419;0.734
22.10.2013;10:00;1.553;1.492;1.571;1.397;0.724
22.10.2013;10:10;1.553;1.492;1.571;1.404;0.724
22.10.2013;11:20;1.553;1.492;1.571;1.404;0.724
22.10.2013;13:20;1.528;1.492;1.596;1.394;0.724
22.10.2013;13:20;1.528;1.492;1.596;1.394;0.724
22.10.2013;13:50;1.521;1.499;1.602;1.390;0.727
22.10.2013;15:40;1.524;1.497;1.595;1.375;0.725
22.10.2013;20:00;1.502;1.510;1.590;1.364;0.733
23.10.2013;14:10;1.531;1.485;1.575;1.395;0.741
23.10.2013;14:40;1.536;1.497;1.582;1.390;0.746
23.10.2013;15:10;1.532;1.497;1.582;1.374;0.746
23.10.2013;16:10;1.523;1.492;1.578;1.367;0.746
23.10.2013;16:30;1.523;1.492;1.578;1.367;0.746
23.10.2013;16:50;1.520;1.484;1.578;1.374;0.746
24.10.2013;10:20;1.467;1.469;1.565;1.366;0.743
24.10.2013;10:50;1.474;1.469;1.565;1.366;0.743
24.10.2013;11:10;1.474;1.469;1.565;1.371;0.743
24.10.2013;11:50;1.474;1.469;1.565;1.370;0.743
24.10.2013;20:50;1.485;1.450;1.535;1.349;0.734
24.10.2013;20:50;1.485;1.450;1.535;1.349;0.734
24.10.2013;21:00;1.484;1.450;1.535;1.349;0.734
24.10.2013;21:50;1.497;1.454;1.534;1.345;0.734
24.10.2013;22:00;1.497;1.454;1.534;1.345;0.734
24.10.2013;22:10;1.497;1.454;1.534;1.345;0.734
24.10.2013;22:20;1.506;1.454;1.534;1.345;0.734
25.10.2013;21:10;1.504;1.469;1.569;1.340;0.737
27.10.2013;10:50;1.530;1.501;1.572;1.393;0.733
27.10.2013;11:00;1.514;1.501;1.572;1.387;0.733
27.10.2013;11:10;1.506;1.501;1.572;1.380;0.733
27.10.2013;20:00;1.504;1.469;1.566;1.330;0.715
27.10.2013;22:00;1.499;1.469;1.557;1.334;0.715
28.10.2013;18:50;1.494;1.504;1.552;1.321;0.720
28.10.2013;19:50;1.504;1.514;1.557;1.348;0.728
28.10.2013;21:30;1.475;1.496;1.542;1.349;0.734
28.10.2013;21:40;1.471;1.496;1.542;1.349;0.734
28.10.2013;21:50;1.471;1.496;1.542;1.336;0.734
29.10.2013;12:10;1.505;1.492;1.542;1.339;0.734
29.10.2013;15:10;1.495;1.452;1.546;1.337;0.736
29.10.2013;16:10;1.474;1.454;1.549;1.336;0.736
30.10.2013;19:20;1.486;1.504;1.568;1.367;0.728
31.10.2013;10:00;1.491;1.514;1.569;1.353;0.715
31.10.2013;10:10;1.491;1.514;1.569;1.353;0.715
31.10.2013;17:50;1.489;1.506;1.565;1.358;0.735
01.11.2013;12:50;1.512;1.485;1.578;1.364;0.766
04.11.2013;11:50;1.516;1.481;1.581;1.387;0.726
04.11.2013;12:00;1.511;1.481;1.581;1.387;0.726
04.11.2013;13:00;1.496;1.478;1.581;1.404;0.726
04.11.2013;16:10;1.505;1.462;1.567;1.330;0.726
04.11.2013;22:20;1.482;1.466;1.566;1.346;0.726
04.11.2013;22:30;1.480;1.448;1.551;1.349;0.726
05.11.2013;06:50;1.480;1.448;1.549;1.349;0.726
05.11.2013;08:10;1.480;1.448;1.549;1.349;0.726
05.11.2013;08:20;1.480;1.448;1.549;1.349;0.726
05.11.2013;08:40;1.480;1.448;1.549;1.349;0.726
05.11.2013;09:00;1.479;1.448;1.549;1.349;0.726
05.11.2013;09:30;1.475;1.448;1.549;1.349;0.726
05.11.2013;09:40;1.475;1.448;1.549;1.349;0.726
05.11.2013;10:00;1.475;1.448;1.549;1.349;0.726
05.11.2013;10:10;1.475;1.448;1.549;1.348;0.726
05.11.2013;11:40;1.475;1.454;1.549;1.352;0.726
05.11.2013;11:50;1.475;1.454;1.549;1.352;0.726
05.11.2013;12:00;1.484;1.464;1.549;1.352;0.726
05.11.2013;13:10;1.477;1.464;1.549;1.356;0.726
05.11.2013;14:20;1.474;1.466;1.549;1.362;0.726
06.11.2013;07:40;1.499;1.451;1.543;1.350;0.718
06.11.2013;11:50;1.487;1.476;1.553;1.380;0.723
06.11.2013;12:00;1.487;1.476;1.553;1.369;0.723
06.11.2013;12:10;1.495;1.465;1.553;1.371;0.723
06.11.2013;19:20;1.472;1.438;1.536;1.338;0.717
06.11.2013;20:50;1.470;1.435;1.536;1.331;0.717
07.11.2013;08:30;1.464;1.432;1.522;1.337;0.725
07.11.2013;12:10;1.509;1.469;1.549;1.377;0.708
07.11.2013;12:30;1.507;1.467;1.547;1.375;0.708
07.11.2013;14:20;1.484;1.449;1.532;1.353;0.720
07.11.2013;14:30;1.494;1.449;1.532;1.349;0.720
07.11.2013;14:40;1.494;1.449;1.532;1.349;0.720
07.11.2013;16:00;1.481;1.427;1.514;1.334;0.724
07.11.2013;17:40;1.471;1.423;1.510;1.336;0.718
07.11.2013;21:10;1.446;1.407;1.490;1.333;0.735
08.11.2013;09:10;1.523;1.486;1.573;1.391;0.718
08.11.2013;09:20;1.519;1.486;1.573;1.391;0.718
08.11.2013;09:30;1.519;1.486;1.573;1.378;0.718
08.11.2013;09:50;1.519;1.473;1.573;1.378;0.718
08.11.2013;10:00;1.521;1.466;1.557;1.364;0.718
08.11.2013;10:10;1.521;1.466;1.557;1.364;0.718
08.11.2013;11:30;1.506;1.463;1.548;1.358;0.718
08.11.2013;11:40;1.506;1.463;1.548;1.358;0.718
08.11.2013;15:20;1.481;1.448;1.531;1.354;0.718
08.11.2013;16:10;1.477;1.441;1.527;1.341;0.718
08.11.2013;19:00;1.461;1.419;1.503;1.331;0.730
09.11.2013;23:00;1.516;1.476;1.556;1.379;0.731
11.11.2013;10:50;1.490;1.479;1.553;1.350;0.722
11.11.2013;12:10;1.504;1.455;1.533;1.350;0.722
11.11.2013;12:40;1.503;1.455;1.533;1.348;0.722
11.11.2013;13:40;1.483;1.440;1.528;1.345;0.725
11.11.2013;13:50;1.483;1.440;1.528;1.345;0.725
11.11.2013;14:50;1.473;1.460;1.523;1.343;0.725
11.11.2013;16:40;1.473;1.432;1.519;1.335;0.731
11.11.2013;17:00;1.471;1.425;1.513;1.327;0.731
11.11.2013;18:00;1.461;1.421;1.507;1.324;0.731
11.11.2013;19:20;1.460;1.416;1.503;1.318;0.731
11.11.2013;20:10;1.454;1.416;1.500;1.319;0.733
12.11.2013;07:40;1.555;1.515;1.608;1.421;0.728
12.11.2013;08:30;1.542;1.508;1.595;1.420;0.728
12.11.2013;09:20;1.535;1.495;1.582;1.402;0.729
12.11.2013;10:40;1.529;1.492;1.571;1.389;0.727
12.11.2013;13:00;1.504;1.461;1.554;1.350;0.727
12.11.2013;13:10;1.504;1.461;1.554;1.352;0.727
13.11.2013;06:30;1.589;1.549;1.634;1.436;0.730
13.11.2013;08:30;1.556;1.524;1.610;1.400;0.729
13.11.2013;09:30;1.527;1.509;1.590;1.389;0.729
13.11.2013;10:40;1.527;1.483;1.579;1.376;0.729
13.11.2013;11:20;1.515;1.471;1.567;1.365;0.729
13.11.2013;14:10;1.509;1.469;1.555;1.365;0.729
13.11.2013;14:30;1.509;1.469;1.555;1.365;0.729
13.11.2013;15:10;1.493;1.465;1.550;1.363;0.729
13.11.2013;16:40;1.499;1.458;1.544;1.345;0.729
13.11.2013;16:50;1.499;1.458;1.544;1.345;0.729
14.11.2013;08:20;1.561;1.521;1.607;1.409;0.729
14.11.2013;08:40;1.561;1.521;1.607;1.399;0.729
14.11.2013;10:10;1.521;1.498;1.576;1.391;0.738
14.11.2013;11:40;1.485;1.470;1.546;1.371;0.738
15.11.2013;11:30;1.530;1.491;1.572;1.398;0.727
15.11.2013;11:40;1.530;1.491;1.572;1.398;0.727
15.11.2013;12:30;1.524;1.484;1.565;1.374;0.727
15.11.2013;14:50;1.506;1.458;1.551;1.359;0.727
16.11.2013;18:10;1.500;1.460;1.536;1.345;0.722
17.11.2013;02:10;1.609;1.569;1.649;1.455;0.712
18.11.2013;08:30;1.573;1.538;1.624;1.423;0.729
18.11.2013;09:00;1.568;1.525;1.611;1.410;0.729
18.11.2013;10:10;1.541;1.505;1.593;1.388;0.729
18.11.2013;10:20;1.541;1.505;1.593;1.388;0.729
18.11.2013;11:10;1.523;1.489;1.582;1.372;0.729
18.11.2013;12:10;1.524;1.485;1.576;1.367;0.729
18.11.2013;12:20;1.524;1.485;1.576;1.367;0.729
18.11.2013;12:30;1.524;1.485;1.576;1.367;0.729
18.11.2013;12:40;1.517;1.485;1.576;1.367;0.729
18.11.2013;12:50;1.517;1.485;1.576;1.367;0.729
18.11.2013;13:00;1.504;1.474;1.564;1.359;0.729
18.11.2013;13:20;1.505;1.474;1.564;1.359;0.729
18.11.2013;13:30;1.505;1.474;1.564;1.359;0.729
18.11.2013;13:40;1.505;1.474;1.564;1.363;0.729
18.11.2013;13:50;1.505;1.474;1.564;1.363;0.729
18.11.2013;14:00;1.503;1.472;1.562;1.358;0.729
18.11.2013;14:10;1.503;1.472;1.562;1.358;0.729
18.11.2013;14:20;1.504;1.470;1.562;1.357;0.729
18.11.2013;14:30;1.494;1.470;1.562;1.357;0.729
18.11.2013;14:40;1.494;1.470;1.562;1.357;0.729
18.11.2013;14:50;1.494;1.470;1.562;1.357;0.729
18.11.2013;15:30;1.509;1.481;1.555;1.381;0.735
18.11.2013;16:20;1.517;1.472;1.554;1.371;0.735
18.11.2013;16:40;1.497;1.466;1.554;1.368;0.735
18.11.2013;17:10;1.493;1.457;1.553;1.338;0.735
18.11.2013;18:20;1.495;1.459;1.544;1.345;0.735
18.11.2013;18:30;1.495;1.459;1.544;1.345;0.735
18.11.2013;22:10;1.492;1.461;1.536;1.330;0.738
19.11.2013;12:30;1.515;1.486;1.565;1.367;0.729
19.11.2013;12:40;1.525;1.485;1.564;1.375;0.729
19.11.2013;12:50;1.525;1.485;1.564;1.375;0.729
19.11.2013;13:00;1.522;1.482;1.563;1.375;0.729
19.11.2013;13:10;1.512;1.482;1.563;1.372;0.729
19.11.2013;13:20;1.512;1.482;1.563;1.372;0.729
19.11.2013;13:30;1.512;1.482;1.563;1.372;0.729
19.11.2013;13:40;1.512;1.481;1.563;1.364;0.729
19.11.2013;13:50;1.512;1.481;1.563;1.366;0.729
19.11.2013;13:50;1.512;1.481;1.563;1.366;0.729
19.11.2013;14:00;1.515;1.468;1.557;1.363;0.729
19.11.2013;14:10;1.515;1.468;1.557;1.363;0.729
19.11.2013;14:40;1.515;1.472;1.555;1.361;0.729
19.11.2013;14:50;1.515;1.472;1.555;1.358;0.729
19.11.2013;15:00;1.510;1.470;1.553;1.358;0.729
19.11.2013;15:10;1.510;1.470;1.553;1.358;0.729
19.11.2013;15:20;1.524;1.470;1.553;1.358;0.729
19.11.2013;15:30;1.524;1.470;1.553;1.358;0.729
19.11.2013;15:50;1.524;1.470;1.553;1.351;0.729
19.11.2013;16:10;1.517;1.465;1.556;1.362;0.729
19.11.2013;17:20;1.512;1.456;1.552;1.363;0.729
19.11.2013;17:30;1.510;1.456;1.552;1.363;0.729
19.11.2013;17:40;1.504;1.456;1.552;1.363;0.729
19.11.2013;17:50;1.504;1.453;1.552;1.363;0.729
19.11.2013;17:50;1.504;1.453;1.552;1.363;0.729
19.11.2013;18:00;1.495;1.444;1.541;1.336;0.729
19.11.2013;18:10;1.495;1.444;1.533;1.336;0.729
19.11.2013;18:20;1.493;1.444;1.533;1.336;0.729
19.11.2013;18:30;1.485;1.444;1.533;1.336;0.729
19.11.2013;18:40;1.485;1.444;1.533;1.336;0.729
19.11.2013;18:50;1.485;1.444;1.533;1.336;0.729
19.11.2013;19:00;1.478;1.441;1.524;1.329;0.729
19.11.2013;20:50;1.484;1.439;1.524;1.325;0.728
19.11.2013;22:10;1.478;1.434;1.523;1.339;0.728
19.11.2013;22:30;1.478;1.434;1.523;1.339;0.728
20.11.2013;08:30;1.571;1.542;1.633;1.434;0.735
20.11.2013;08:40;1.571;1.542;1.633;1.434;0.735
20.11.2013;10:00;1.534;1.502;1.578;1.370;0.735
20.11.2013;10:10;1.534;1.502;1.578;1.370;0.735
20.11.2013;10:20;1.534;1.502;1.578;1.370;0.735
20.11.2013;10:40;1.520;1.502;1.578;1.370;0.735
20.11.2013;18:10;1.474;1.451;1.536;1.351;0.729
20.11.2013;22:50;1.483;1.440;1.526;1.331;0.741
21.11.2013;09:40;1.573;1.518;1.598;1.411;0.733
21.11.2013;11:10;1.522;1.481;1.561;1.375;0.727
21.11.2013;13:40;1.503;1.467;1.548;1.347;0.733
21.11.2013;13:50;1.503;1.462;1.548;1.347;0.733
21.11.2013;14:00;1.505;1.459;1.543;1.353;0.733
21.11.2013;14:10;1.505;1.459;1.543;1.360;0.733
21.11.2013;14:20;1.505;1.459;1.543;1.360;0.733
21.11.2013;14:30;1.505;1.459;1.543;1.360;0.733
21.11.2013;14:50;1.498;1.459;1.543;1.360;0.733
21.11.2013;15:00;1.491;1.478;1.543;1.360;0.733
21.11.2013;15:10;1.491;1.478;1.543;1.360;0.733
21.11.2013;15:20;1.491;1.478;1.543;1.362;0.733
21.11.2013;15:40;1.494;1.482;1.544;1.368;0.733
21.11.2013;20:50;1.479;1.444;1.515;1.333;0.739
21.11.2013;21:30;1.485;1.444;1.515;1.330;0.733
22.11.2013;09:10;1.559;1.537;1.609;1.407;0.727
22.11.2013;09:20;1.559;1.537;1.609;1.407;0.727
22.11.2013;09:30;1.559;1.537;1.609;1.407;0.727
22.11.2013;09:40;1.559;1.537;1.609;1.407;0.727
22.11.2013;09:50;1.548;1.537;1.609;1.407;0.727
22.11.2013;10:00;1.547;1.520;1.603;1.410;0.729
22.11.2013;10:10;1.547;1.520;1.603;1.410;0.729
22.11.2013;10:20;1.547;1.520;1.603;1.410;0.729
22.11.2013;10:20;1.547;1.520;1.603;1.410;0.729
22.11.2013;10:30;1.533;1.520;1.603;1.410;0.729
22.11.2013;10:40;1.533;1.520;1.603;1.410;0.729
22.11.2013;11:30;1.516;1.504;1.588;1.395;0.729
22.11.2013;11:40;1.523;1.504;1.588;1.397;0.729
22.11.2013;11:50;1.523;1.513;1.588;1.397;0.729
22.11.2013;12:00;1.529;1.494;1.571;1.390;0.735
22.11.2013;12:10;1.534;1.488;1.572;1.391;0.735
22.11.2013;12:20;1.536;1.494;1.574;1.390;0.736
22.11.2013;12:30;1.529;1.492;1.578;1.395;0.736
22.11.2013;13:00;1.526;1.498;1.576;1.390;0.736
22.11.2013;13:10;1.526;1.498;1.576;1.390;0.736
22.11.2013;13:20;1.526;1.498;1.576;1.390;0.736
22.11.2013;13:30;1.546;1.498;1.576;1.390;0.736
22.11.2013;14:00;1.521;1.474;1.560;1.369;0.736
22.11.2013;14:40;1.505;1.470;1.560;1.369;0.736
25.11.2013;08:00;1.593;1.553;1.638;1.432;0.729
25.11.2013;08:10;1.584;1.553;1.638;1.432;0.729
25.11.2013;08:20;1.584;1.553;1.638;1.424;0.729
25.11.2013;08:30;1.584;1.553;1.638;1.424;0.729
25.11.2013;08:50;1.581;1.553;1.638;1.424;0.729
25.11.2013;09:00;1.558;1.542;1.628;1.412;0.729
25.11.2013;09:20;1.558;1.542;1.628;1.412;0.729
25.11.2013;09:30;1.558;1.542;1.628;1.412;0.729
25.11.2013;11:30;1.519;1.496;1.555;1.390;0.729
25.11.2013;11:50;1.519;1.499;1.555;1.390;0.729
25.11.2013;12:10;1.521;1.495;1.572;1.390;0.728
25.11.2013;13:40;1.525;1.487;1.562;1.385;0.731
25.11.2013;14:10;1.525;1.485;1.550;1.377;0.731
25.11.2013;15:30;1.528;1.468;1.553;1.361;0.731
26.11.2013;10:20;1.563;1.527;1.607;1.403;0.729
26.11.2013;10:40;1.563;1.520;1.607;1.403;0.729
26.11.2013;10:50;1.563;1.512;1.607;1.403;0.729
26.11.2013;11:00;1.548;1.497;1.598;1.405;0.729
26.11.2013;11:10;1.548;1.497;1.598;1.398;0.729
26.11.2013;11:20;1.548;1.497;1.598;1.398;0.729
26.11.2013;11:30;1.548;1.497;1.598;1.387;0.729
26.11.2013;11:40;1.548;1.497;1.598;1.387;0.729
26.11.2013;11:50;1.547;1.497;1.598;1.387;0.729
26.11.2013;12:20;1.559;1.497;1.587;1.388;0.729
26.11.2013;13:10;1.560;1.490;1.586;1.403;0.720
26.11.2013;13:20;1.560;1.490;1.586;1.392;0.720
26.11.2013;13:40;1.552;1.490;1.586;1.383;0.720
26.11.2013;13:50;1.552;1.490;1.586;1.383;0.720
26.11.2013;14:30;1.531;1.491;1.585;1.389;0.720
26.11.2013;22:20;1.490;1.447;1.530;1.338;0.719
27.11.2013;09:00;1.559;1.535;1.622;1.415;0.729
27.11.2013;09:40;1.559;1.535;1.622;1.415;0.729
27.11.2013;13:40;1.551;1.513;1.596;1.394;0.729
27.11.2013;13:50;1.549;1.511;1.598;1.394;0.729
28.11.2013;10:00;1.558;1.526;1.609;1.403;0.727
28.11.2013;11:00;1.546;1.510;1.585;1.398;0.719
28.11.2013;11:10;1.546;1.510;1.585;1.386;0.719
28.11.2013;12:20;1.538;1.498;1.582;1.391;0.719
28.11.2013;14:40;1.514;1.502;1.570;1.392;0.721
28.11.2013;15:10;1.522;1.476;1.566;1.387;0.724
28.11.2013;18:30;1.510;1.453;1.537;1.349;0.738
28.11.2013;18:40;1.528;1.453;1.537;1.349;0.738
29.11.2013;03:10;1.615;1.575;1.655;1.473;0.727
29.11.2013;10:50;1.592;1.562;1.655;1.440;0.721
29.11.2013;12:30;1.555;1.527;1.616;1.387;0.721
29.11.2013;13:10;1.550;1.510;1.604;1.377;0.721
29.11.2013;13:20;1.539;1.510;1.604;1.377;0.721
29.11.2013;13:50;1.522;1.510;1.604;1.377;0.721
29.11.2013;14:00;1.522;1.499;1.594;1.370;0.729
29.11.2013;14:10;1.526;1.499;1.588;1.366;0.735
29.11.2013;14:30;1.526;1.504;1.588;1.305;0.735
29.11.2013;15:20;1.521;1.501;1.585;1.400;0.735
29.11.2013;22:00;1.515;1.457;1.545;1.373;0.743
30.11.2013;10:50;1.577;1.539;1.612;1.423;0.727
30.11.2013;17:30;1.486;1.453;1.530;1.356;0.738
30.11.2013;20:20;1.481;1.450;1.531;1.347;0.741
01.12.2013;17:00;1.519;1.484;1.593;1.374;0.729
01.12.2013;17:11;1.527;1.484;1.593;1.374;0.729
02.12.2013;10:00;1.551;1.520;1.609;1.419;0.727
02.12.2013;10:30;1.551;1.519;1.609;1.419;0.727
02.12.2013;13:50;1.515;1.490;1.570;1.388;0.727
03.12.2013;09:20;1.571;1.529;1.618;1.423;0.729
03.12.2013;16:30;1.498;1.454;1.541;1.361;0.735
03.12.2013;22:40;1.503;1.460;1.533;1.348;0.749
04.12.2013;10:00;1.539;1.508;1.586;1.404;0.727
04.12.2013;11:30;1.533;1.504;1.582;1.375;0.731
04.12.2013;11:40;1.528;1.504;1.582;1.370;0.731
05.12.2013;11:10;1.534;1.494;1.579;1.386;0.736
05.12.2013;11:20;1.534;1.494;1.579;1.386;0.736
05.12.2013;11:30;1.534;1.494;1.579;1.386;0.736
05.12.2013;11:40;1.534;1.494;1.579;1.386;0.736
05.12.2013;15:10;1.491;1.453;1.535;1.352;0.754
06.12.2013;11:20;1.545;1.499;1.587;1.389;0.764
06.12.2013;11:20;1.545;1.499;1.587;1.389;0.764
06.12.2013;11:30;1.545;1.499;1.587;1.389;0.764
06.12.2013;15:10;1.507;1.468;1.565;1.384;0.759
06.12.2013;16:20;1.518;1.473;1.560;1.361;0.759
06.12.2013;19:30;1.508;1.454;1.552;1.364;0.769
08.12.2013;16:50;1.505;1.479;1.579;1.381;0.750
08.12.2013;23:10;1.555;1.515;1.625;1.428;0.750
09.12.2013;11:30;1.530;1.509;1.587;1.405;0.759
11.12.2013;08:50;1.567;1.527;1.611;1.432;0.753
11.12.2013;11:10;1.514;1.474;1.556;1.372;0.749
11.12.2013;12:30;1.511;1.472;1.552;1.364;0.753
11.12.2013;13:20;1.499;1.465;1.549;1.350;0.753
11.12.2013;16:00;1.495;1.455;1.546;1.353;0.753
11.12.2013;16:20;1.495;1.455;1.546;1.353;0.753
11.12.2013;16:40;1.486;1.455;1.546;1.353;0.753
12.12.2013;11:50;1.523;1.489;1.562;1.391;0.745
12.12.2013;18:10;1.489;1.444;1.532;1.344;0.754
16.12.2013;00:50;1.580;1.540;1.637;1.439;0.747
16.12.2013;17:20;1.481;1.446;1.532;1.344;0.744
16.12.2013;20:00;1.480;1.436;1.518;1.345;0.758
16.12.2013;20:10;1.480;1.436;1.518;1.345;0.758
17.12.2013;14:40;1.494;1.460;1.534;1.355;0.734
17.12.2013;14:50;1.494;1.460;1.534;1.355;0.734
18.12.2013;11:20;1.476;1.470;1.554;1.379;0.749
18.12.2013;14:10;1.468;1.441;1.527;1.355;0.752
19.12.2013;12:10;1.488;1.443;1.525;1.347;0.762
19.12.2013;16:20;1.475;1.434;1.516;1.335;0.765
19.12.2013;16:30;1.475;1.434;1.516;1.335;0.765
19.12.2013;20:30;1.473;1.423;1.505;1.327;0.762
19.12.2013;20:50;1.473;1.423;1.505;1.326;0.762
20.12.2013;08:30;1.565;1.528;1.613;1.429;0.752
20.12.2013;10:50;1.526;1.481;1.568;1.387;0.749
20.12.2013;11:20;1.499;1.486;1.559;1.372;0.749
20.12.2013;11:30;1.499;1.486;1.559;1.372;0.749
20.12.2013;11:50;1.499;1.486;1.559;1.372;0.749
20.12.2013;12:20;1.496;1.480;1.555;1.370;0.749
20.12.2013;13:00;1.502;1.460;1.544;1.363;0.761
20.12.2013;15:30;1.490;1.450;1.538;1.340;0.738
20.12.2013;18:00;1.495;1.439;1.521;1.342;0.754
20.12.2013;19:20;1.463;1.439;1.515;1.335;0.754
20.12.2013;20:00;1.469;1.438;1.517;1.339;0.749
20.12.2013;20:20;1.487;1.438;1.517;1.339;0.749
20.12.2013;20:30;1.487;1.438;1.517;1.332;0.749
20.12.2013;20:40;1.487;1.438;1.517;1.332;0.749
21.12.2013;14:30;1.497;1.460;1.544;1.363;0.741
21.12.2013;15:40;1.491;1.450;1.533;1.355;0.750
22.12.2013;13:20;1.532;1.484;1.604;1.406;0.759
29.12.2013;01:30;1.613;1.573;1.657;1.448;0.748
06.01.2014;07:00;1.546;1.514;1.596;1.408;0.749
06.01.2014;07:10;1.546;1.514;1.596;1.408;0.749
06.01.2014;10:30;1.527;1.505;1.586;1.401;0.749
06.01.2014;11:00;1.511;1.499;1.581;1.393;0.749
06.01.2014;12:20;1.523;1.484;1.573;1.388;0.759
06.01.2014;12:40;1.527;1.478;1.565;1.364;0.755
06.01.2014;15:10;1.495;1.475;1.560;1.337;0.755
06.01.2014;19:20;1.469;1.459;1.546;1.343;0.741
06.01.2014;23:10;1.544;1.485;1.568;1.372;0.718
06.01.2014;23:30;1.544;1.485;1.568;1.372;0.718
07.01.2014;09:40;1.544;1.508;1.591;1.367;0.734
07.01.2014;15:00;1.496;1.454;1.543;1.351;0.770
08.01.2014;08:30;1.535;1.495;1.578;1.382;0.759
08.01.2014;09:30;1.534;1.494;1.577;1.380;0.759
08.01.2014;15:30;1.507;1.467;1.537;1.344;0.754
08.01.2014;16:00;1.501;1.465;1.522;1.349;0.754
09.01.2014;23:40;1.507;1.467;1.547;1.361;0.756
10.01.2014;12:00;1.488;1.462;1.550;1.359;0.759
10.01.2014;20:20;1.476;1.433;1.523;1.323;0.762
14.01.2014;12:50;1.509;1.469;1.554;1.352;0.747
14.01.2014;13:00;1.500;1.460;1.547;1.344;0.747
14.01.2014;14:40;1.481;1.450;1.537;1.343;0.747
14.01.2014;15:00;1.491;1.447;1.533;1.341;0.747
16.01.2014;03:40;1.553;1.513;1.593;1.401;0.758
16.01.2014;10:20;1.510;1.478;1.557;1.366;0.751
16.01.2014;11:20;1.480;1.453;1.537;1.342;0.731
16.01.2014;19:00;1.468;1.429;1.509;1.324;0.756
17.01.2014;19:30;1.468;1.428;1.510;1.322;0.753
18.01.2014;12:40;1.525;1.488;1.587;1.366;0.742
18.01.2014;18:10;1.473;1.461;1.550;1.352;0.759
20.01.2014;21:40;1.458;1.421;1.505;1.318;0.762
21.01.2014;09:00;1.529;1.486;1.572;1.382;0.762
21.01.2014;19:50;1.464;1.426;1.510;1.319;0.760
21.01.2014;20:00;1.470;1.426;1.508;1.313;0.760
22.01.2014;16:00;1.476;1.432;1.516;1.324;0.758
22.01.2014;20:30;1.451;1.420;1.501;1.314;0.776
23.01.2014;10:10;1.524;1.484;1.567;1.372;0.767
23.01.2014;13:30;1.504;1.448;1.530;1.349;0.762
25.01.2014;12:00;1.508;1.476;1.550;1.359;0.769
25.01.2014;16:30;1.486;1.439;1.518;1.336;0.772
25.01.2014;16:40;1.486;1.439;1.518;1.336;0.772
28.01.2014;19:30;1.461;1.428;1.507;1.316;0.771
29.01.2014;15:40;1.469;1.444;1.528;1.346;0.767
30.01.2014;15:00;1.479;1.439;1.520;1.334;0.769
30.01.2014;21:00;1.469;1.424;1.506;1.319;0.758
30.01.2014;21:20;1.472;1.427;1.509;1.322;0.761
30.01.2014;21:30;1.472;1.428;1.509;1.322;0.761
30.01.2014;21:50;1.472;1.428;1.509;1.322;0.761
31.01.2014;18:20;1.478;1.433;1.518;1.329;0.784
04.02.2014;11:00;1.502;1.462;1.541;1.353;0.765
06.02.2014;10:40;1.488;1.466;1.545;1.358;0.769
06.02.2014;12:30;1.495;1.455;1.539;1.341;0.769
07.02.2014;07:00;1.538;1.498;1.584;1.390;0.769
08.02.2014;07:00;1.548;1.508;1.588;1.396;0.771
09.02.2014;01:00;1.542;1.502;1.582;1.391;0.779
11.02.2014;09:10;1.528;1.488;1.574;1.382;0.762
11.02.2014;09:20;1.528;1.488;1.574;1.382;0.762
12.02.2014;14:30;1.489;1.443;1.529;1.335;0.766
12.02.2014;14:40;1.489;1.443;1.529;1.335;0.766
12.02.2014;14:50;1.489;1.443;1.529;1.335;0.766
12.02.2014;15:00;1.481;1.438;1.524;1.329;0.766
12.02.2014;15:10;1.481;1.438;1.524;1.329;0.766
12.02.2014;15:20;1.475;1.438;1.524;1.329;0.766
12.02.2014;15:30;1.475;1.438;1.524;1.329;0.766
12.02.2014;15:40;1.475;1.438;1.524;1.329;0.766
12.02.2014;15:50;1.475;1.438;1.524;1.329;0.766
12.02.2014;21:40;1.474;1.434;1.512;1.320;0.766
13.02.2014;13:00;1.495;1.455;1.540;1.346;0.751
13.02.2014;14:40;1.497;1.455;1.535;1.337;0.751
13.02.2014;14:50;1.497;1.455;1.535;1.337;0.751
13.02.2014;17:10;1.488;1.448;1.529;1.345;0.751
14.02.2014;12:10;1.515;1.479;1.539;1.363;0.761
14.02.2014;23:20;1.518;1.478;1.559;1.367;0.785
15.02.2014;09:40;1.530;1.500;1.584;1.381;0.767
17.02.2014;14:10;1.501;1.461;1.551;1.353;0.755
17.02.2014;20:50;1.483;1.449;1.529;1.336;0.766
17.02.2014;21:00;1.483;1.440;1.524;1.328;0.766
17.02.2014;21:10;1.483;1.440;1.524;1.328;0.766
18.02.2014;01:00;1.557;1.517;1.597;1.400;0.771
18.02.2014;11:40;1.495;1.465;1.547;1.352;0.765
18.02.2014;11:50;1.495;1.465;1.547;1.352;0.765
18.02.2014;11:50;1.495;1.465;1.547;1.352;0.765
18.02.2014;12:00;1.502;1.464;1.556;1.351;0.765
18.02.2014;13:10;1.503;1.463;1.554;1.350;0.765
18.02.2014;14:20;1.508;1.461;1.551;1.349;0.765
18.02.2014;15:10;1.490;1.458;1.548;1.340;0.765
18.02.2014;16:30;1.491;1.468;1.547;1.338;0.765
18.02.2014;17:20;1.486;1.468;1.557;1.344;0.765
18.02.2014;17:50;1.481;1.468;1.557;1.344;0.765
19.02.2014;10:10;1.523;1.481;1.559;1.368;0.762
19.02.2014;12:50;1.511;1.464;1.557;1.348;0.769
22.02.2014;14:00;1.494;1.464;1.540;1.355;0.732
22.02.2014;14:10;1.494;1.463;1.540;1.355;0.732
22.02.2014;16:50;1.501;1.458;1.561;1.353;0.740
24.02.2014;12:40;1.515;1.475;1.559;1.372;0.759
25.02.2014;03:00;1.573;1.533;1.613;1.421;0.768
25.02.2014;11:00;1.521;1.481;1.561;1.369;0.759
25.02.2014;11:10;1.521;1.481;1.561;1.369;0.759
25.02.2014;11:20;1.521;1.481;1.561;1.369;0.759
25.02.2014;13:40;1.522;1.482;1.564;1.362;0.766
26.02.2014;12:50;1.503;1.458;1.549;1.352;0.743
26.02.2014;14:30;1.502;1.464;1.544;1.341;0.745
26.02.2014;17:20;1.494;1.452;1.530;1.347;0.745
26.02.2014;21:10;1.486;1.446;1.526;1.329;0.753
27.02.2014;11:40;1.508;1.481;1.569;1.352;0.759
27.02.2014;18:10;1.493;1.451;1.531;1.336;0.759
28.02.2014;18:30;1.491;1.448;1.532;1.337;0.765
01.03.2014;09:20;1.539;1.501;1.591;1.357;0.755
01.03.2014;16:10;1.493;1.448;1.532;1.339;0.759
03.03.2014;18:20;1.481;1.455;1.537;1.338;0.759
04.03.2014;09:30;1.550;1.510;1.595;1.391;0.762
04.03.2014;11:00;1.527;1.486;1.571;1.367;0.759
04.03.2014;15:50;1.507;1.465;1.549;1.359;0.762
04.03.2014;19:40;1.484;1.452;1.535;1.348;0.763
04.03.2014;22:10;1.487;1.448;1.529;1.337;0.763
04.03.2014;22:20;1.487;1.448;1.529;1.337;0.763
04.03.2014;22:40;1.487;1.448;1.529;1.349;0.763
04.03.2014;23:10;1.540;1.500;1.579;1.384;0.756
05.03.2014;09:10;1.545;1.505;1.591;1.397;0.755
05.03.2014;12:40;1.499;1.484;1.567;1.367;0.750
05.03.2014;12:50;1.499;1.484;1.567;1.367;0.750
05.03.2014;15:00;1.506;1.466;1.552;1.351;0.743
05.03.2014;15:10;1.506;1.466;1.552;1.351;0.743
05.03.2014;15:30;1.506;1.466;1.552;1.352;0.743
05.03.2014;15:40;1.506;1.466;1.552;1.351;0.743
05.03.2014;16:00;1.498;1.458;1.548;1.352;0.743
05.03.2014;16:10;1.498;1.458;1.548;1.352;0.736
05.03.2014;16:20;1.497;1.458;1.548;1.349;0.736
05.03.2014;16:30;1.496;1.456;1.529;1.335;0.736
05.03.2014;16:40;1.496;1.456;1.519;1.335;0.736
05.03.2014;16:50;1.489;1.456;1.519;1.332;0.736
05.03.2014;17:00;1.489;1.453;1.518;1.327;0.745
05.03.2014;17:10;1.489;1.453;1.518;1.334;0.745
05.03.2014;17:10;1.489;1.453;1.518;1.334;0.745
05.03.2014;17:20;1.489;1.453;1.518;1.334;0.745
05.03.2014;17:50;1.489;1.453;1.518;1.334;0.745
06.03.2014;10:30;1.528;1.503;1.582;1.369;0.750
06.03.2014;11:20;1.510;1.477;1.564;1.357;0.741
06.03.2014;11:30;1.510;1.473;1.564;1.362;0.741
06.03.2014;14:30;1.511;1.453;1.559;1.349;0.750
06.03.2014;14:50;1.511;1.453;1.559;1.349;0.750
06.03.2014;15:00;1.511;1.457;1.556;1.355;0.750
06.03.2014;15:30;1.511;1.457;1.556;1.346;0.750
06.03.2014;15:50;1.511;1.457;1.556;1.346;0.750
06.03.2014;16:00;1.503;1.463;1.552;1.342;0.750
06.03.2014;20:30;1.486;1.448;1.520;1.333;0.750
06.03.2014;21:10;1.494;1.448;1.520;1.332;0.750
06.03.2014;21:20;1.494;1.448;1.520;1.332;0.750
06.03.2014;22:30;1.491;1.448;1.531;1.332;0.759
07.03.2014;11:10;1.521;1.481;1.571;1.373;0.726
07.03.2014;11:30;1.511;1.475;1.571;1.373;0.726
07.03.2014;11:40;1.511;1.475;1.571;1.366;0.726
07.03.2014;14:50;1.495;1.461;1.553;1.377;0.726
07.03.2014;15:50;1.521;1.458;1.546;1.352;0.735
07.03.2014;16:10;1.515;1.455;1.542;1.346;0.744
07.03.2014;17:20;1.485;1.454;1.540;1.342;0.753
07.03.2014;17:30;1.485;1.454;1.540;1.342;0.753
07.03.2014;17:50;1.485;1.454;1.540;1.342;0.753
07.03.2014;18:00;1.481;1.446;1.536;1.337;0.753
07.03.2014;18:10;1.481;1.446;1.536;1.337;0.753
07.03.2014;18:20;1.481;1.446;1.536;1.337;0.753
07.03.2014;18:30;1.481;1.446;1.536;1.337;0.753
08.03.2014;17:50;1.484;1.443;1.524;1.341;0.762
08.03.2014;17:50;1.484;1.443;1.524;1.341;0.762
08.03.2014;18:00;1.479;1.442;1.522;1.339;0.762
08.03.2014;18:10;1.479;1.449;1.522;1.339;0.762
08.03.2014;18:20;1.480;1.449;1.522;1.339;0.762
09.03.2014;13:10;1.521;1.476;1.578;1.366;0.759
09.03.2014;17:40;1.490;1.451;1.552;1.340;0.759
10.03.2014;11:10;1.529;1.489;1.571;1.363;0.759
10.03.2014;23:00;1.513;1.473;1.553;1.358;0.753
11.03.2014;11:20;1.501;1.466;1.549;1.353;0.759
11.03.2014;12:20;1.472;1.461;1.543;1.348;0.759
11.03.2014;13:20;1.475;1.457;1.539;1.345;0.759
11.03.2014;14:10;1.493;1.453;1.535;1.343;0.759
11.03.2014;17:10;1.480;1.443;1.523;1.327;0.760
11.03.2014;18:00;1.483;1.440;1.522;1.334;0.760
12.03.2014;14:20;1.500;1.460;1.540;1.350;0.754
12.03.2014;14:40;1.500;1.460;1.540;1.350;0.754
12.03.2014;14:50;1.500;1.460;1.540;1.350;0.754
12.03.2014;17:00;1.487;1.447;1.527;1.326;0.752
13.03.2014;02:50;1.555;1.525;1.605;1.401;0.721
13.03.2014;10:00;1.528;1.473;1.569;1.368;0.729
13.03.2014;10:40;1.528;1.473;1.569;1.358;0.729
13.03.2014;10:40;1.528;1.473;1.569;1.358;0.729
13.03.2014;10:50;1.528;1.473;1.569;1.358;0.729
13.03.2014;12:50;1.504;1.460;1.549;1.327;0.729
13.03.2014;14:40;1.500;1.460;1.544;1.361;0.739
13.03.2014;14:50;1.500;1.460;1.544;1.361;0.739
13.03.2014;15:00;1.478;1.455;1.538;1.340;0.739
14.03.2014;02:10;1.563;1.523;1.603;1.399;0.736
14.03.2014;02:20;1.563;1.523;1.603;1.399;0.736
14.03.2014;02:30;1.563;1.523;1.603;1.399;0.736
14.03.2014;04:30;1.563;1.523;1.603;1.399;0.736
14.03.2014;06:50;1.556;1.516;1.603;1.390;0.736
14.03.2014;07:00;1.551;1.511;1.599;1.384;0.736
14.03.2014;07:10;1.551;1.511;1.599;1.384;0.736
14.03.2014;09:00;1.527;1.487;1.572;1.359;0.739
14.03.2014;09:10;1.527;1.487;1.572;1.359;0.739
14.03.2014;14:10;1.486;1.456;1.538;1.336;0.739
14.03.2014;15:20;1.478;1.454;1.541;1.344;0.739
14.03.2014;15:30;1.481;1.454;1.541;1.344;0.739
14.03.2014;20:30;1.477;1.438;1.511;1.320;0.735
15.03.2014;10:20;1.516;1.480;1.565;1.358;0.739
15.03.2014;11:40;1.501;1.467;1.553;1.349;0.739
15.03.2014;13:10;1.479;1.442;1.532;1.346;0.739
15.03.2014;13:20;1.481;1.442;1.532;1.346;0.739
17.03.2014;12:30;1.483;1.465;1.551;1.348;0.739
17.03.2014;14:10;1.491;1.452;1.539;1.334;0.739
17.03.2014;19:10;1.487;1.439;1.527;1.323;0.739
17.03.2014;19:20;1.487;1.439;1.527;1.323;0.739
18.03.2014;15:30;1.492;1.452;1.536;1.324;0.729
19.03.2014;10:30;1.488;1.473;1.558;1.348;0.739
20.03.2014;19:20;1.468;1.428;1.506;1.309;0.747
21.03.2014;14:30;1.489;1.449;1.534;1.333;0.739
21.03.2014;14:40;1.489;1.449;1.534;1.333;0.739
21.03.2014;14:50;1.489;1.449;1.534;1.333;0.739
24.03.2014;10:40;1.539;1.522;1.603;1.365;0.739
24.03.2014;12:10;1.497;1.469;1.570;1.338;0.747
24.03.2014;12:20;1.497;1.469;1.570;1.338;0.747
24.03.2014;15:50;1.477;1.461;1.548;1.343;0.737
24.03.2014;16:00;1.478;1.457;1.544;1.341;0.737
25.03.2014;15:40;1.505;1.462;1.536;1.335;0.730
26.03.2014;12:30;1.519;1.479;1.555;1.344;0.736
26.03.2014;12:40;1.519;1.479;1.555;1.344;0.736
26.03.2014;13:10;1.508;1.468;1.544;1.338;0.736
26.03.2014;15:00;1.497;1.454;1.541;1.337;0.730
26.03.2014;15:30;1.497;1.451;1.541;1.337;0.730
26.03.2014;16:10;1.495;1.451;1.540;1.333;0.736
26.03.2014;17:50;1.488;1.447;1.540;1.334;0.734
27.03.2014;13:30;1.492;1.467;1.538;1.328;0.720
27.03.2014;22:30;1.559;1.512;1.594;1.386;0.726
29.03.2014;20:00;1.500;1.459;1.539;1.324;0.720
30.03.2014;19:00;1.502;1.497;1.594;1.362;0.725
30.03.2014;21:20;1.516;1.497;1.576;1.351;0.725
30.03.2014;21:50;1.514;1.497;1.576;1.351;0.725
30.03.2014;22:00;1.553;1.532;1.629;1.398;0.725
31.03.2014;08:50;1.566;1.537;1.624;1.381;0.719
31.03.2014;12:50;1.497;1.464;1.564;1.344;0.719
31.03.2014;19:50;1.497;1.470;1.538;1.332;0.724
31.03.2014;19:50;1.497;1.470;1.538;1.332;0.724
31.03.2014;20:00;1.503;1.451;1.537;1.319;0.724
01.04.2014;08:40;1.549;1.509;1.600;1.375;0.723
01.04.2014;12:20;1.517;1.486;1.565;1.340;0.719
01.04.2014;18:00;1.501;1.461;1.540;1.319;0.753
02.04.2014;11:30;1.527;1.493;1.576;1.350;0.726
02.04.2014;14:20;1.511;1.474;1.550;1.329;0.733
03.04.2014;21:20;1.486;1.459;1.544;1.325;0.719
04.04.2014;09:30;1.555;1.516;1.600;1.363;0.710
04.04.2014;10:30;1.537;1.515;1.595;1.363;0.710
04.04.2014;11:40;1.533;1.502;1.587;1.353;0.719
04.04.2014;17:10;1.503;1.469;1.554;1.331;0.734
06.04.2014;19:20;1.514;1.490;1.583;1.341;0.719
07.04.2014;08:20;1.559;1.529;1.619;1.361;0.710
07.04.2014;15:00;1.505;1.474;1.539;1.341;0.715
08.04.2014;01:10;1.589;1.549;1.631;1.396;0.719
08.04.2014;12:50;1.530;1.505;1.592;1.348;0.719
08.04.2014;13:20;1.530;1.490;1.578;1.346;0.719
10.04.2014;01:20;1.599;1.559;1.641;1.399;0.719
10.04.2014;11:40;1.550;1.508;1.601;1.369;0.719
10.04.2014;19:10;1.521;1.475;1.560;1.333;0.720
13.04.2014;14:50;1.541;1.514;1.611;1.363;0.719
13.04.2014;16:00;1.550;1.501;1.606;1.363;0.719
14.04.2014;14:40;1.535;1.486;1.575;1.339;0.719
14.04.2014;15:00;1.524;1.483;1.569;1.337;0.719
14.04.2014;15:00;1.524;1.483;1.569;1.337;0.719
14.04.2014;15:00;1.524;1.483;1.569;1.337;0.719
16.04.2014;09:00;1.570;1.530;1.615;1.376;0.726
16.04.2014;14:20;1.541;1.499;1.583;1.349;0.719
16.04.2014;15:00;1.539;1.499;1.581;1.348;0.719
16.04.2014;15:40;1.507;1.499;1.581;1.348;0.719
16.04.2014;16:20;1.524;1.497;1.579;1.358;0.719
16.04.2014;16:30;1.524;1.497;1.579;1.358;0.719
16.04.2014;17:50;1.517;1.496;1.576;1.353;0.726
16.04.2014;20:40;1.517;1.481;1.567;1.330;0.726
17.04.2014;08:30;1.602;1.555;1.647;1.395;0.719
17.04.2014;16:00;1.528;1.492;1.582;1.342;0.719
17.04.2014;21:20;1.545;1.507;1.562;1.342;0.726
18.04.2014;02:20;1.618;1.578;1.661;1.428;0.726
18.04.2014;11:00;1.578;1.550;1.650;1.387;0.719
19.04.2014;10:00;1.568;1.526;1.624;1.358;0.717
19.04.2014;14:50;1.540;1.528;1.590;1.359;0.717
19.04.2014;15:20;1.538;1.518;1.587;1.355;0.717
19.04.2014;16:00;1.513;1.493;1.582;1.334;0.717
19.04.2014;20:01;1.513;1.491;1.563;1.335;0.701
19.04.2014;20:10;1.513;1.491;1.563;1.335;0.701
19.04.2014;20:20;1.513;1.491;1.563;1.340;0.701
19.04.2014;20:40;1.514;1.491;1.563;1.340;0.701
19.04.2014;20:50;1.514;1.491;1.563;1.340;0.701
19.04.2014;20:50;1.514;1.491;1.563;1.340;0.701
19.04.2014;21:00;1.521;1.486;1.572;1.340;0.701
19.04.2014;21:20;1.515;1.486;1.572;1.340;0.701
19.04.2014;21:20;1.515;1.486;1.572;1.340;0.701
19.04.2014;21:30;1.515;1.486;1.572;1.340;0.701
19.04.2014;21:50;1.515;1.486;1.572;1.340;0.701
20.04.2014;00:00;1.603;1.563;1.667;1.413;0.729
20.04.2014;00:50;1.603;1.563;1.667;1.413;0.729
20.04.2014;00:50;1.603;1.563;1.667;1.413;0.729
20.04.2014;00:50;1.603;1.563;1.667;1.413;0.729
20.04.2014;01:00;1.619;1.579;1.661;1.429;0.729
20.04.2014;11:40;1.597;1.542;1.639;1.384;0.739
20.04.2014;12:30;1.567;1.532;1.621;1.373;0.739
20.04.2014;15:40;1.561;1.521;1.624;1.384;0.712
20.04.2014;17:20;1.550;1.503;1.608;1.360;0.712
21.04.2014;10:10;1.595;1.555;1.644;1.380;0.722
21.04.2014;11:00;1.582;1.542;1.636;1.396;0.722
21.04.2014;11:11;1.582;1.542;1.636;1.396;0.722
21.04.2014;11:11;1.582;1.542;1.636;1.396;0.722
21.04.2014;11:11;1.582;1.542;1.636;1.396;0.722
21.04.2014;13:00;1.573;1.543;1.632;1.391;0.722
21.04.2014;13:00;1.573;1.543;1.632;1.391;0.722
21.04.2014;13:00;1.573;1.543;1.632;1.391;0.722
21.04.2014;13:40;1.573;1.543;1.632;1.391;0.722
21.04.2014;14:14;1.543;1.515;1.620;1.381;0.719
21.04.2014;14:14;1.543;1.515;1.620;1.381;0.719
21.04.2014;14:14;1.543;1.515;1.620;1.381;0.719
21.04.2014;14:14;1.543;1.515;1.620;1.381;0.719
21.04.2014;14:14;1.543;1.515;1.620;1.381;0.719
21.04.2014;14:32;1.535;1.515;1.620;1.381;0.719
21.04.2014;15:11;1.533;1.522;1.610;1.378;0.719
21.04.2014;17:00;1.550;1.521;1.609;1.376;0.719
21.04.2014;17:00;1.550;1.521;1.609;1.376;0.719
21.04.2014;17:00;1.550;1.521;1.609;1.376;0.719
21.04.2014;17:24;1.550;1.521;1.609;1.376;0.719
21.04.2014;18:40;1.532;1.516;1.604;1.358;0.719
21.04.2014;18:50;1.532;1.516;1.604;1.358;0.719
21.04.2014;18:50;1.532;1.516;1.604;1.358;0.719
21.04.2014;19:00;1.552;1.512;1.601;1.356;0.719
22.04.2014;07:10;1.602;1.559;1.655;1.406;0.719
22.04.2014;17:50;1.523;1.495;1.579;1.357;0.717
22.04.2014;18:00;1.535;1.495;1.577;1.355;0.727
22.04.2014;18:10;1.535;1.495;1.577;1.355;0.727
22.04.2014;19:30;1.536;1.489;1.565;1.359;0.727
22.04.2014;20:50;1.535;1.495;1.577;1.351;0.727
25.04.2014;01:20;1.623;1.586;1.669;1.426;0.719
25.04.2014;16:40;1.549;1.502;1.589;1.363;0.719
25.04.2014;17:20;1.535;1.501;1.588;1.361;0.719
25.04.2014;18:00;1.531;1.499;1.586;1.346;0.719
25.04.2014;18:00;1.531;1.499;1.586;1.346;0.719
25.04.2014;18:11;1.523;1.499;1.586;1.346;0.719
27.04.2014;21:30;1.572;1.525;1.611;1.367;0.706
28.04.2014;09:20;1.577;1.554;1.640;1.412;0.719
28.04.2014;09:50;1.536;1.554;1.640;1.412;0.719
28.04.2014;10:30;1.559;1.545;1.635;1.413;0.719
28.04.2014;22:10;1.523;1.489;1.575;1.336;0.719
29.04.2014;10:20;1.577;1.552;1.634;1.402;0.722
29.04.2014;10:50;1.560;1.545;1.634;1.391;0.722
29.04.2014;11:00;1.560;1.534;1.621;1.388;0.722
29.04.2014;16:10;1.545;1.505;1.590;1.352;0.718
29.04.2014;18:20;1.517;1.507;1.578;1.334;0.714
29.04.2014;18:50;1.517;1.503;1.578;1.334;0.714
29.04.2014;19:10;1.527;1.481;1.574;1.333;0.714
30.04.2014;12:40;1.570;1.530;1.609;1.377;0.720
30.04.2014;12:50;1.570;1.530;1.609;1.377;0.720
30.04.2014;17:30;1.534;1.494;1.582;1.342;0.720
30.04.2014;22:30;1.500;1.482;1.567;1.332;0.719
01.05.2014;14:00;1.538;1.521;1.621;1.368;0.719
01.05.2014;15:30;1.543;1.518;1.614;1.351;0.719
01.05.2014;18:50;1.525;1.497;1.603;1.345;0.719
02.05.2014;13:20;1.534;1.505;1.587;1.346;0.719
02.05.2014;22:50;1.496;1.482;1.565;1.328;0.735
05.05.2014;19:00;1.520;1.475;1.555;1.321;0.719
05.05.2014;19:10;1.520;1.480;1.555;1.321;0.719
05.05.2014;19:20;1.520;1.480;1.555;1.321;0.719
06.05.2014;10:30;1.558;1.529;1.613;1.362;0.717
06.05.2014;14:40;1.529;1.492;1.576;1.344;0.717
07.05.2014;16:31;1.518;1.474;1.560;1.328;0.721
07.05.2014;16:40;1.518;1.474;1.560;1.328;0.721
07.05.2014;17:50;1.515;1.471;1.559;1.328;0.721
07.05.2014;18:00;1.503;1.466;1.555;1.326;0.721
07.05.2014;19:40;1.512;1.461;1.546;1.315;0.721
08.05.2014;04:00;1.606;1.566;1.652;1.403;0.719
08.05.2014;11:10;1.523;1.504;1.590;1.353;0.715
08.05.2014;14:10;1.526;1.486;1.570;1.338;0.712
08.05.2014;14:40;1.526;1.486;1.570;1.338;0.712
08.05.2014;16:00;1.509;1.476;1.563;1.335;0.710
08.05.2014;17:10;1.509;1.469;1.556;1.327;0.709
08.05.2014;20:20;1.476;1.454;1.535;1.301;0.709
09.05.2014;06:40;1.596;1.556;1.645;1.402;0.709
09.05.2014;17:50;1.508;1.471;1.553;1.325;0.718
11.05.2014;14:00;1.534;1.507;1.598;1.363;0.702
12.05.2014;11:50;1.530;1.510;1.578;1.349;0.705
12.05.2014;14:30;1.527;1.482;1.572;1.340;0.705
12.05.2014;15:00;1.510;1.477;1.563;1.335;0.705
12.05.2014;17:00;1.503;1.468;1.551;1.327;0.705
12.05.2014;17:20;1.503;1.468;1.551;1.337;0.705
12.05.2014;17:40;1.503;1.468;1.541;1.337;0.705
12.05.2014;18:10;1.502;1.462;1.541;1.331;0.705
12.05.2014;18:40;1.500;1.462;1.541;1.331;0.705
12.05.2014;20:20;1.496;1.456;1.538;1.312;0.709
12.05.2014;20:30;1.496;1.456;1.538;1.312;0.709
12.05.2014;20:40;1.496;1.456;1.538;1.312;0.709
12.05.2014;20:50;1.496;1.456;1.538;1.312;0.709
12.05.2014;21:50;1.494;1.456;1.538;1.312;0.709
12.05.2014;22:00;1.494;1.456;1.538;1.312;0.709
13.05.2014;06:30;1.602;1.562;1.653;1.408;0.709
13.05.2014;09:10;1.547;1.515;1.612;1.360;0.709
13.05.2014;11:40;1.529;1.505;1.588;1.346;0.709
13.05.2014;12:00;1.523;1.499;1.582;1.342;0.709
13.05.2014;12:20;1.523;1.499;1.582;1.342;0.709
13.05.2014;14:20;1.524;1.482;1.577;1.335;0.709
13.05.2014;14:40;1.536;1.482;1.577;1.335;0.709
13.05.2014;17:10;1.528;1.473;1.563;1.327;0.724
13.05.2014;18:20;1.513;1.468;1.560;1.324;0.701
13.05.2014;18:50;1.513;1.463;1.560;1.319;0.701
13.05.2014;19:00;1.505;1.460;1.558;1.318;0.701
14.05.2014;18:10;1.509;1.471;1.558;1.322;0.716
14.05.2014;21:30;1.501;1.450;1.545;1.314;0.715
14.05.2014;21:40;1.501;1.450;1.545;1.314;0.715
14.05.2014;21:50;1.501;1.450;1.545;1.314;0.715
14.05.2014;22:00;1.499;1.459;1.545;1.315;0.716
15.05.2014;08:00;1.564;1.524;1.635;1.366;0.719
15.05.2014;08:10;1.564;1.524;1.635;1.366;0.719
15.05.2014;10:40;1.506;1.478;1.576;1.327;0.713
15.05.2014;12:20;1.504;1.469;1.563;1.334;0.697
15.05.2014;12:30;1.504;1.469;1.563;1.334;0.697
15.05.2014;13:00;1.505;1.466;1.557;1.326;0.696
15.05.2014;13:30;1.505;1.466;1.557;1.326;0.696
15.05.2014;14:10;1.505;1.465;1.550;1.320;0.695
15.05.2014;15:20;1.502;1.451;1.549;1.305;0.694
15.05.2014;16:10;1.501;1.450;1.549;1.304;0.694
15.05.2014;17:00;1.503;1.457;1.547;1.328;0.694
15.05.2014;17:40;1.503;1.457;1.547;1.328;0.694
16.05.2014;11:20;1.561;1.515;1.612;1.350;0.709
27.05.2014;15:30;1.537;1.497;1.588;1.336;0.704
27.05.2014;16:20;1.550;1.501;1.576;1.333;0.709
28.05.2014;12:00;1.554;1.522;1.610;1.368;0.709
28.05.2014;12:00;1.554;1.522;1.610;1.368;0.709
28.05.2014;12:00;1.554;1.522;1.610;1.368;0.709
28.05.2014;12:10;1.554;1.522;1.610;1.368;0.709
28.05.2014;12:20;1.554;1.522;1.610;1.368;0.709
28.05.2014;15:50;1.547;1.527;1.597;1.361;0.729
29.05.2014;13:50;1.560;1.526;1.635;1.367;0.703
29.05.2014;14:00;1.560;1.524;1.634;1.366;0.703
31.05.2014;01:20;1.617;1.578;1.647;1.417;0.717
02.06.2014;08:40;1.605;1.557;1.652;1.403;0.709
03.06.2014;13:10;1.534;1.500;1.579;1.346;0.756
03.06.2014;14:50;1.546;1.492;1.586;1.341;0.756
04.06.2014;12:50;1.544;1.509;1.593;1.333;0.709
04.06.2014;16:20;1.525;1.488;1.572;1.324;0.709
04.06.2014;16:40;1.530;1.488;1.572;1.324;0.709
05.06.2014;10:20;1.587;1.547;1.631;1.356;0.709
05.06.2014;16:00;1.525;1.490;1.576;1.322;0.709
05.06.2014;16:10;1.525;1.490;1.566;1.322;0.709
05.06.2014;17:20;1.514;1.488;1.566;1.322;0.709
06.06.2014;09:50;1.560;1.538;1.627;1.366;0.709
06.06.2014;14:10;1.526;1.489;1.574;1.315;0.709
06.06.2014;14:20;1.530;1.489;1.574;1.315;0.709
06.06.2014;16:30;1.545;1.504;1.582;1.329;0.724
09.06.2014;07:20;1.639;1.599;1.679;1.440;0.705
09.06.2014;07:30;1.639;1.599;1.679;1.440;0.705
09.06.2014;09:30;1.577;1.571;1.664;1.395;0.705
09.06.2014;11:20;1.584;1.568;1.659;1.388;0.705
09.06.2014;14:50;1.576;1.530;1.628;1.369;0.705
09.06.2014;16:10;1.554;1.521;1.621;1.348;0.709
09.06.2014;16:10;1.554;1.521;1.621;1.348;0.709
09.06.2014;16:10;1.554;1.521;1.621;1.348;0.709
09.06.2014;16:20;1.554;1.521;1.621;1.348;0.709
09.06.2014;17:40;1.558;1.506;1.609;1.339;0.709
10.06.2014;10:40;1.548;1.534;1.619;1.350;0.700
10.06.2014;11:50;1.547;1.518;1.610;1.348;0.700
10.06.2014;12:20;1.548;1.511;1.602;1.358;0.700
10.06.2014;18:20;1.509;1.485;1.562;1.327;0.699
11.06.2014;17:10;1.542;1.502;1.590;1.336;0.714
15.06.2014;08:10;1.647;1.604;1.702;1.440;0.709
16.06.2014;05:40;1.667;1.627;1.715;1.452;0.703
16.06.2014;10:40;1.590;1.561;1.645;1.386;0.709
16.06.2014;11:20;1.605;1.552;1.625;1.374;0.718
16.06.2014;11:40;1.605;1.552;1.625;1.374;0.718
16.06.2014;12:00;1.597;1.543;1.620;1.365;0.726
16.06.2014;12:40;1.574;1.543;1.620;1.365;0.726
16.06.2014;15:10;1.553;1.519;1.607;1.351;0.726
16.06.2014;16:40;1.541;1.519;1.602;1.350;0.726
16.06.2014;16:50;1.536;1.519;1.602;1.350;0.726
18.06.2014;11:00;1.589;1.549;1.641;1.378;0.709
18.06.2014;11:30;1.592;1.549;1.641;1.378;0.709
18.06.2014;12:10;1.578;1.540;1.632;1.374;0.709
20.06.2014;17:30;1.567;1.523;1.614;1.354;0.709
